6
6
3
5
2
9
4
4
9
4
6
4
4
9
6
6
0
7
6
9
9
9
4
9
5
4
4
6
6
5
6
4
6
1
6
6
4
6
6
6
4
4
6
6
0
9
2
8
9
4
4
0
4
8
9
4
6
1
5
1
4
9
4
6
2
4
6
4
1
6
5
6
1
6
6
6
6
4
6
4
4
5
7
4
4
4
5
1
9
2
9
5
4
6
4
8
4
6
6
9
5
0
2
6
9
6
1
6
9
4
2
0
4
9
0
4
5
2
4
9
6
6
6
4
4
4
4
5
4
4
0
4
9
4
6
0
0
4
4
6
8
4
4
5
2
6
4
6
0
2
8
9
2
6
5
9
9
6
4
9
6
9
4
4
4
0
6
2
5
9
3
4
9
9
6
4
9
2
9
9
4
9
6
4
9
4
1
4
1
4
4
2
5
9
9
6
2
6
4
4
6
4
1
4
5
6
4
9
9
6
2
1
6
9
6
6
8
4
1
4
9
2
5
9
5
6
0
4
3
0
9
3
4
2
8
9
6
4
4
4
4
6
4
4
9
6
4
2
4
6
2
4
6
6
6
6
0
9
6
9
4
0
6
3
1
9
4
6
4
0
4
4
6
9
6
0
4
6
0
4
4
6
5
4
0
4
6
6
2
9
7
4
6
9
2
5
6
9
3
4
4
9
9
6
5
9
9
4
6
4
4
9
5
6
4
5
9
9
4
6
6
6
2
6
4
4
4
9
4
6
4
6
4
6
4
9
0
4
0
9
6
4
4
4
6
0
7
3
9
6
4
9
0
5
6
4
9
9
9
5
4
6
4
2
9
5
6
0
4
4
1
6
9
0
6
6
2
0
5
6
9
9
8
9
3
6
0
4
4
9
4
6
1
1
0
5
9
4
6
2
9
4
9
1
4
5
5
4
6
6
2
4
4
4
6
6
4
5
4
6
8
1
5
4
4
1
6
4
5
4
4
6
6
6
4
2
4
0
9
6
4
4
1
5
6
2
4
4
0
4
9
9
5
1
4
4
9
0
4
2
6
4
6
6
1
2
9
0
6
6
4
2
5
4
4
5
4
1
5
4
4
2
4
6
4
0
3
0
4
4
6
6
6
6
6
4
2
2
6
6
